101001000000110001000001111010110100010011000000011000000001111101000101100011101011101010111000101010100000100111000010010011001001001100101111000100100010110000010000010010100301
301110010001010110111011110010011010010101010011001111010111110000011000010101111000110000011110110100010111000011110101000011001110100110111110110000100100101111000000010110100301
301100010011010111001001110101101110000110001110100011111110011000110101100001101010001000100110010101001110111111010010010000110101010111110001110101000100010001111001111000101301
101001000000110001000001111010110100010011000000011000000001111101000101100011101011101010111000101010100000100111000010010011001001001100101111000100100010110000010000010010100301
301000011111111110111010110110111011011011111110101111100000110101000010110100001000011110101110110101011001001010111000110010001100010100110110101000101010010001000110011011101301
301000011111111110111010110110111011011011111110101111100000110101000010110100001000011110101110110101011001001010111000110010001100010100110110101000101010010001000110011011101301
301100010011010111001001110101101110000110001110100011111110011000110101100001101010001000100110010101001110111111010010010000110101010111110001110101000100010001111001111000101301
301000011111111110111010110110111011011011111110101111100000110101000010110100001000011110101110110101011001001010111000110010001100010100110110101000101010010001000110011011101301
301101111100000010111010001001011000010010111111101101000110110101011110100001001101111110101111100010000010001011011110011111110010101000111000111110101010010000000101100010000301
301110010001010110111011110010011010010101010011001111010111110000011000010101111000110000011110110100010111000011110101000011001110100110111110110000100100101111000000010110100301
301101111100000010111010001001011000010010111111101101000110110101011110100001001101111110101111100010000010001011011110011111110010101000111000111110101010010000000101100010000301
101001000000110001000001111010110100010011000000011000000001111101000101100011101011101010111000101010100000100111000010010011001001001100101111000100100010110000010000010010100301
301000011111111110111010110110111011011011111110101111100000110101000010110100001000011110101110110101011001001010111000110010001100010100110110101000101010010001000110011011101301
101001000000110001000001111010110100010011000000011000000001111101000101100011101011101010111000101010100000100111000010010011001001001100101111000100100010110000010000010010100301
301101111100000010111010001001011000010010111111101101000110110101011110100001001101111110101111100010000010001011011110011111110010101000111000111110101010010000000101100010000301
301100010011010111001001110101101110000110001110100011111110011000110101100001101010001000100110010101001110111111010010010000110101010111110001110101000100010001111001111000101301
301100010011010111001001110101101110000110001110100011111110011000110101100001101010001000100110010101001110111111010010010000110101010111110001110101000100010001111001111000101301
101001000000110001000001111010110100010011000000011000000001111101000101100011101011101010111000101010100000100111000010010011001001001100101111000100100010110000010000010010100301
301000011111111110111010110110111011011011111110101111100000110101000010110100001000011110101110110101011001001010111000110010001100010100110110101000101010010001000110011011101301
301100010011010111001001110101101110000110001110100011111110011000110101100001101010001000100110010101001110111111010010010000110101010111110001110101000100010001111001111000101301
301000011111111110111010110110111011011011111110101111100000110101000010110100001000011110101110110101011001001010111000110010001100010100110110101000101010010001000110011011101301
301000011111111110111010110110111011011011111110101111100000110101000010110100001000011110101110110101011001001010111000110010001100010100110110101000101010010001000110011011101301
301000011111111110111010110110111011011011111110101111100000110101000010110100001000011110101110110101011001001010111000110010001100010100110110101000101010010001000110011011101301
101001000000110001000001111010110100010011000000011000000001111101000101100011101011101010111000101010100000100111000010010011001001001100101111000100100010110000010000010010100301
301100010011010111001001110101101110000110001110100011111110011000110101100001101010001000100110010101001110111111010010010000110101010111110001110101000100010001111001111000101301
301100010011010111001001110101101110000110001110100011111110011000110101100001101010001000100110010101001110111111010010010000110101010111110001110101000100010001111001111000101301
301110010001010110111011110010011010010101010011001111010111110000011000010101111000110000011110110100010111000011110101000011001110100110111110110000100100101111000000010110100301
301101111100000010111010001001011000010010111111101101000110110101011110100001001101111110101111100010000010001011011110011111110010101000111000111110101010010000000101100010000301
301110010001010110111011110010011010010101010011001111010111110000011000010101111000110000011110110100010111000011110101000011001110100110111110110000100100101111000000010110100301
301100010011010111001001110101101110000110001110100011111110011000110101100001101010001000100110010101001110111111010010010000110101010111110001110101000100010001111001111000101301
101001000000110001000001111010110100010011000000011000000001111101000101100011101011101010111000101010100000100111000010010011001001001100101111000100100010110000010000010010100301
301101111100000010111010001001011000010010111111101101000110110101011110100001001101111110101111100010000010001011011110011111110010101000111000111110101010010000000101100010000301
301000011111111110111010110110111011011011111110101111100000110101000010110100001000011110101110110101011001001010111000110010001100010100110110101000101010010001000110011011101301
301110010001010110111011110010011010010101010011001111010111110000011000010101111000110000011110110100010111000011110101000011001110100110111110110000100100101111000000010110100301
301110010001010110111011110010011010010101010011001111010111110000011000010101111000110000011110110100010111000011110101000011001110100110111110110000100100101111000000010110100301
301101111100000010111010001001011000010010111111101101000110110101011110100001001101111110101111100010000010001011011110011111110010101000111000111110101010010000000101100010000301
101001000000110001000001111010110100010011000000011000000001111101000101100011101011101010111000101010100000100111000010010011001001001100101111000100100010110000010000010010100301
101001000000110001000001111010110100010011000000011000000001111101000101100011101011101010111000101010100000100111000010010011001001001100101111000100100010110000010000010010100301
301101111100000010111010001001011000010010111111101101000110110101011110100001001101111110101111100010000010001011011110011111110010101000111000111110101010010000000101100010000301
301110010001010110111011110010011010010101010011001111010111110000011000010101111000110000011110110100010111000011110101000011001110100110111110110000100100101111000000010110100301
301101111100000010111010001001011000010010111111101101000110110101011110100001001101111110101111100010000010001011011110011111110010101000111000111110101010010000000101100010000301
101001000000110001000001111010110100010011000000011000000001111101000101100011101011101010111000101010100000100111000010010011001001001100101111000100100010110000010000010010100301
101001000000110001000001111010110100010011000000011000000001111101000101100011101011101010111000101010100000100111000010010011001001001100101111000100100010110000010000010010100301
101001000000110001000001111010110100010011000000011000000001111101000101100011101011101010111000101010100000100111000010010011001001001100101111000100100010110000010000010010100301
301100010011010111001001110101101110000110001110100011111110011000110101100001101010001000100110010101001110111111010010010000110101010111110001110101000100010001111001111000101301
301101111100000010111010001001011000010010111111101101000110110101011110100001001101111110101111100010000010001011011110011111110010101000111000111110101010010000000101100010000301
301110010001010110111011110010011010010101010011001111010111110000011000010101111000110000011110110100010111000011110101000011001110100110111110110000100100101111000000010110100301
301101111100000010111010001001011000010010111111101101000110110101011110100001001101111110101111100010000010001011011110011111110010101000111000111110101010010000000101100010000301
301100010011010111001001110101101110000110001110100011111110011000110101100001101010001000100110010101001110111111010010010000110101010111110001110101000100010001111001111000101301
101001000000110001000001111010110100010011000000011000000001111101000101100011101011101010111000101010100000100111000010010011001001001100101111000100100010110000010000010010100301
101001000000110001000001111010110100010011000000011000000001111101000101100011101011101010111000101010100000100111000010010011001001001100101111000100100010110000010000010010100000
301100010011010110111011110000001110010110001010100111010111111000110101100001101010001000101110110100010110111111010010010000101110010111110010110000100100101111111001111010100000
301101011101001110111010111011011010011011111110101101000110110101000010110101001100011110101110110101000011001010111000110010010010101000110110101110101010010000000110011010000000
301010011001010110111010110010011011011011011110101111010111110000011000110100001000110000011110110100010111001011110000110011001100100110111110110000101010010001000000010110100000
301110011111010110111010110010011011010001011011001111100111110000000010110101111000011110101110110101011001001011110000110011001110010100110110110000101010001111000110011011101000
301111111101010110111011110010011000010110010111101101000111110101011110100001111001111000011110100010010110001011011110010011001110100110111100111110100100110000000100010110100000
301100011000010111111000011101011010000010011110101101000110011000110101100001101001111000100110010101001110001011011110011111110101101000111001110110100100010001111001111000101000
301100000000010101000001111010011010010101010011011000000001111101011000010101101011101010111000101010100000100111000010010011001001100110101111000000100010110000000000010010100000
101001000000110001000001111010110100010011000000011000000001111101000101100011101011101010111000101010100000100111000010010011001001001100101111000100100010110000010000010010100000
301000010011011110111011110010011011010011111111001111010111110000000010010100001000110000011110110100010111001011110000110010001100010100110110110000101010001111000110010110100000
301001001111111110111001110110110100011011110100101011100001110101000101100010001011101110101110101010011001001011000000110011001100010100101110101100101010010000010000011010100000
301110010001010110101001110001101110000111010111001111111111110000010101010101101010001000010110010100001110111111110010010000101110010111110010110101000100101111000000010110100000
301101011111100110111010000111111000010011111111101111100110110101011110100000001001111110101111110101000010001010111000110010001100010100111000111000101010010000000110011010000000
301111110000000010111010101001011000010100111111001111010110110101011000010101111001111110101110110100000010001011110110011111110010100110111000111000100100110000000000010110100000
301001111111010110111010011110011001010011111110101101000000110101011110110100001000011110101110100010000010001011011000111111101100010100111010101110101010010000000111100011101000
301000001010111000100000110010110000011011110100011111100000111101000101110100001000011010111110110101100001001011000000110010001100001100101110101000100010110001010000010010100000
101111010000110101000001111010110000010011010011011000000111110000000101010101101000110010111110110100010111000011000010010011001001100110101111000100100100101111000000010110100000
101001000000110001000001111010110100010011000000011000000001111101000101100011101011101010111000101010100000100111000010010011001001001100101111000100100010110000010000010010100000
101101010011110001000001111110111110010011000010111000000001111000110101100011101011101000101000110101100000111111000010010011001001001101110001110100100100010001010000010000101000
301101110110010110001010001001111000010010111111100111111110010101011110100001001101111110100110010101001110111111010010011111110010010111110000111110100100010000000101111000101000
301000011111111110111010110110111011011011111110101111100000110101000010110100001000011110101110110101011001001010111000110010001100010100110110101000101010010001000110011011101000
301101110010000110001010001101011100010010101111100101000110110101010101100001001110001110101111110101000010111111011110010000110101101001110001110110100100010000000101100010000000
101000010001110011111010111010111111011011011010101011100000110101000101100010001011101010111000101010100000100110111010010010001001010100110111000100101010010001010000010010100000
301000010011110111001000110110111110010011101110100111111000111000100010100000001000011000101110110101001111001011010010010010010101010101110010101101001010010001111000011000101000
101001000000110001000001111010110100010011000000011000000001111101000101100011101011101010111000101010100000100111000010010011001001001100101111000100100010110000010000010010100000
301101111100000010111010001001011000010010111111101101000110110101011110100001001101111110101111100010000010001011011110011111110010101000111000111110101010010000000101100010000000
101001010000110100010011110110111100010011001000101100000001110101000010110100001011101110101110110101011001001011000010010010001001001100110111000100100010110000000110011010100000
301100010001010110101011110100001110000110000110001111010110011000110101010101111000110000100110010101010111000011010010010011001110010111110001110101000100001111000001111000101000
301110010011010111101011110001101010010110010110101011010110010000011000100001111010001000100110010100010110111111110101000000101110100111110010110000100100001111000001111010100000
301100010101011110111011110110011011011011111010001111100111110101000010010101111000110110101110110100011001001011110000110010001110010100111110101000101010010001000110010111101000
301010010101111110111010110010111010010001011010101111010111110101000010110100001000110110101110110100010111000011110000110010001110010100110110110000100100110001000110010110100000
301100010011010111001001110101101110000110001110100011111110011000110101100001101010001000100110010101001110111111010010010000110101010111110001110101000100010001111001111000101000
301101110000000110111011100001011010010110110111101111010110110000011110100001111000110110101110100010000010001011011110010011001110100110111010110110100100101111000101100010100000
301100010011010111001001110101101110000110001110100011111110011000110101100001101010001000100110010101001110111111010010010000110101010111110001110101000100010001111001111000101000
101001000000110001000001111010110100010011000000011000000001111101000101100011101011101010111000101010100000100111000010010011001001001100101111000100100010110000010000010010100000
301100000000110011110011111010111100010111000001001011010111111101000101100011111000110000011110101010100001000011000010010011001110001100111110110000100010110000010000010010100000
301101110100000010111011111000011000010001110111001111010111110000011000100001111001111000011111100010010111000011011110011111101110100110111000111000100100110000000001100010100000
301000000001110100000001111010010000010001000000011000000001111101000101010101101011101000011000110100010111000011110101000011001110001100101111000000100010110000000000010010100000
301001111100010110111010000010111000010010111111101101000110110101011110100000001000011110101111110101011001001011011110010010001100101000110110101110101010010001000101100011101000
101010010001110101000001111010011010010011000011011011010001110000011000100011111000110000011000110100010111000011110010010011001001100110111111000000100010110000010000010110100000
301100010001010110111010110110011011011011010011101111010000110101000010110100001000011110101110110100010111001010111000110011001100100110111110110000101010001111000000010111101000
101000001000111101011001110010110100011011000000101100000001110101000010110100001000011110101000101010100001001010111010010010001001001100110110101000101010010000010000011010100000
301001010011010111001001110011110100000011000110111000000110011000100101100001101010001000101000101010100000111111010010010011010101010111110001110100100010110000111000010010100000
301111011100000110111011111001011010010000010111101111010111110101011000100001111000110110101111110100000010001011110101000011001110100110111100111110100100110000000100010110000000
301100010101000111011011001001111110010110011110101101000110111000111110100001101001111000100110010101001110001011011110010000110101010110111001110110100100010000111001100000101000
301000010111010110011010110101111010010010011110101011111000110101000010100001101010001000101110110101001110111111010010010000110101010101110001110000100100010001111000011000101000
101000010001010001000001111001100100000111000010010000000110011101010101100001101010001000101000101010001110111111000010010000101001010111110001110100100100010001111000010010100000
301101011001000110001000111001001010010110111110100001000110010101011110100001101010001000101111100010001110111111011010011111110101101000111000111110101010010001000101111000101000
301100010011010111001011110001001010000100010110100111010110010000011000010101101000110000011110110101001110111111010101000011010101010111110010110101000100110001111000010100101000
301100011101110010111010101100111011010010111111101111100110110101011110100001001100011110101110100010000010001010111000110010001100101000111010101110101010010001000111100011101000
