310111011011000101001101111110001000100011101100111001101000101110110001011110100110110001011010110101101111011000101011111001100001110001100011100000101010000011010010000001010031
510000010000011111011111000101011010010001101101101110111110011101101001001101010100001100001000110111101100101010110011001100011101010010100011110001101011011010101001111000111031
110101110101000100101101110101010001110000101101100111001100000110111000100011010000100100101110111101100010000101011101100010111100110100100100110110100011010001100010011011111031
110101011010011100100001101000010001101100001101111101100100100001110100111101110011110011000101010111111100011101110001100000010111010100000000001001111110010000110101110010010031
510010111011001101001111010101101110110101000001001101001010111101100111001011100101011101100111010000011011111111100001101110001110010000000110001100111101111001111101001010011031
510111111011011101110101000011110101010011101011110101111101001110000001100110110000010101110111011110000111011010001100011000111010100000100001010001010000001010100011001111010031
211111110110001000000101111110111110010001001101101001100101011101010010111101010001011001001110100110101111000101000111111000001101100100011010110010010001001000000110100000110031
210100010000001010000100110110010000001011111100000000001001101010011011111100110111110000000111110101100110000101100100101100010100000001011101101101110110100101011110100000110031
110001110000010110111110110101110110101111111010101010011010010110010101100001111111000010100100101010000111000110111101101011110110011000001101100101001010001100110000100111011031
210100010000001010000100110110010000001011111100000000001001101010011011111100110111110000000111110101100110000101100100101100010100000001011101101101110110100101011110100000110031
510011011110001111111000100000001101100011011010011110111100000101100110010010010111011010000010111111011101011010110101101000000111010100110000110110100101000111010101001111110031
510010111010010001100010010110111111111111101010101100101010100010010110101111100100010001100001000110000010110110110110111101101101010111100110001100100001000001101010111110000031
510011011110001111111000100000001101100011011010011110111100000101100110010010010111011010000010111111011101011010110101101000000111010100110000110110100101000111010101001111110031
510000010000011111011111000101011010010001101101101110111110011101101001001101010100001100001000110111101100101010110011001100011101010010100011110001101011011010101001111000111031
211000011010001101001001111010001110000100000100011101011000010000011100101100011110111010001101110100101110110000000000001101000110010000100000010001000011110001100100010001011031
110101110101000100101101110101010001110000101101100111001100000110111000100011010000100100101110111101100010000101011101100010111100110100100100110110100011010001100010011011111031
510101010001000101111111110110110011111100000001100110001100001110111100011011010001110110001001111010010011100000010100111011100111001101110110100110010010011010010111011011101031
510100010100010100000111000110100001010101000111000000011000001110011110100000000000011000101010000100001110111000110110000110011111110010010101100011011110110000111100010000011031
510011011110001111111000100000001101100011011010011110111100000101100110010010010111011010000010111111011101011010110101101000000111010100110000110110100101000111010101001111110031
510111111011001011001001100001001111001100001011100100100000010010100100000101110111011000100010011001100111000111001111001000001111000001000110111111001110111111010101010111101031
510001110001011000110000100101111111001001110101110000011110101001100000111000010100110101111000101001100011001110101110011111101011010011111000111010001010110010111110111000001031
510101010001000101111111110110110011111100000001100110001100001110111100011011010001110110001001111010010011100000010100111011100111001101110110100110010010011010010111011011101031
211111110110001000000101111110111110010001001101101001100101011101010010111101010001011001001110100110101111000101000111111000001101100100011010110010010001001000000110100000110031
211111110110001000000101111110111110010001001101101001100101011101010010111101010001011001001110100110101111000101000111111000001101100100011010110010010001001000000110100000110031
510010111011001101001111010101101110110101000001001101001010111101100111001011100101011101100111010000011011111111100001101110001110010000000110001100111101111001111101001010011031
510111111011001011001001100001001111001100001011100100100000010010100100000101110111011000100010011001100111000111001111001000001111000001000110111111001110111111010101010111101031
410110010100000110101111111001011010001010011101111110011001100001011110000101011011000000011101100101010000101000110100011010000010010101011101001001100101011011101101011100001031
310111011011000101001101111110001000100011101100111001101000101110110001011110100110110001011010110101101111011000101011111001100001110001100011100000101010000011010010000001010031
510011111001001101100110111100101011110011100100000001011110000001011011000011111111011111011011111110100010111101101001000110010100101110011110101000100110000110100110001100100031
211110011100011000011000011101110011011011010101000111010101011101100000111111101001000010001001110011100010110010111101101010110110011001101110001110110001011011011000001111010031
410110010100000110101111111001011010001010011101111110011001100001011110000101011011000000011101100101010000101000110100011010000010010101011101001001100101011011101101011100001031
210100010000001010000100110110010000001011111100000000001001101010011011111100110111110000000111110101100110000101100100101100010100000001011101101101110110100101011110100000110031
110101110101000100101101110101010001110000101101100111001100000110111000100011010000100100101110111101100010000101011101100010111100110100100100110110100011010001100010011011111031
510010111010010001100010010110111111111111101010101100101010100010010110101111100100010001100001000110000010110110110110111101101101010111100110001100100001000001101010111110000031
510111111011011101110101000011110101010011101011110101111101001110000001100110110000010101110111011110000111011010001100011000111010100000100001010001010000001010100011001111010031
510001110001011000110000100101111111001001110101110000011110101001100000111000010100110101111000101001100011001110101110011111101011010011111000111010001010110010111110111000001031
510010010111001111011011110100011001111100001101011010011001101110011000001000111000101000101101111110100010100110000110101010100010000110011011101000011110000111001101010100100031
211111110110001000000101111110111110010001001101101001100101011101010010111101010001011001001110100110101111000101000111111000001101100100011010110010010001001000000110100000110031
310111011011000101001101111110001000100011101100111001101000101110110001011110100110110001011010110101101111011000101011111001100001110001100011100000101010000011010010000001010031
210100010000001010000100110110010000001011111100000000001001101010011011111100110111110000000111110101100110000101100100101100010100000001011101101101110110100101011110100000110031
110101110101000100101101110101010001110000101101100111001100000110111000100011010000100100101110111101100010000101011101100010111100110100100100110110100011010001100010011011111031
510111111011011101110101000011110101010011101011110101111101001110000001100110110000010101110111011110000111011010001100011000111010100000100001010001010000001010100011001111010031
110101011010011100100001101000010001101100001101111101100100100001110100111101110011110011000101010111111100011101110001100000010111010100000000001001111110010000110101110010010031
510101010001000101111111110110110011111100000001100110001100001110111100011011010001110110001001111010010011100000010100111011100111001101110110100110010010011010010111011011101031
510111111011001011001001100001001111001100001011100100100000010010100100000101110111011000100010011001100111000111001111001000001111000001000110111111001110111111010101010111101031
410110010100000110101111111001011010001010011101111110011001100001011110000101011011000000011101100101010000101000110100011010000010010101011101001001100101011011101101011100001031
510010111011001101001111010101101110110101000001001101001010111101100111001011100101011101100111010000011011111111100001101110001110010000000110001100111101111001111101001010011031
510011110011000010111111111100101100111000101010011100111011000011000001111110100001000111001000010010010011001010111010001001010111100111100110110100111110110010101011000011111031
410110010100000110101111111001011010001010011101111110011001100001011110000101011011000000011101100101010000101000110100011010000010010101011101001001100101011011101101011100001031
310111011011000101001101111110001000100011101100111001101000101110110001011110100110110001011010110101101111011000101011111001100001110001100011100000101010000011010010000001010031
510110010101000101111111110000110011001000000101111110001100001110111110011011010001110110001101111010010001100000010100011011100010001101011110100110010010011011010111011000001000
510011011001001111111000110000101101110011010110001001011100000101100110000010010111011010001011111111011101011010110001000110010100101110011100110110100110000110010100001100100000
510001010000001101111011111110110110101100000101001101011100001110111100101101010001110010001001111010010011100000000100111011100111010001110110100110010010010001010111011011101000
510011011010001111000000100010001101101011111000000010111100001010000110010010010111011000000111111111100111011001100100101100000111000000110000110101110110100111010100100011110000
110101110101000100101101110101010001110000101101100111001100000110111000100011010000100100101110111101100010000101011101100010111100110100100100110110100011010001100010011011111000
510100010000010101001111000110001011010001000111101100011000001110011110100001010100001000101000100100101100111000110110001100011111010010100011110001101011010000111101111000111000
210110010100000010101110110111010000001011111100110110011001100001011110000100110111110000001101110101100110000100110100011010000010000001011101001101110101011011101101011100110000
210111111011011101000101010011111111010011001001111001111101001110010010111100110000010001000111000110000111011001000100011000101101100100011001010010010000001010100011001111010000
510110011100010000000100001111110001011101000111000100011101011110011110111110000001000000101010000100001110111010111101101010110110110011101110001110111110110000111100010000011000
510001010000011000100001101100110001101001001101110001100100101001110100111000010100110101111000110111111101001101110110010000010111010010000000001010001110010000111111110010010000
510110111011001101001111010001101110101100001001001101001000010010100111001011110101011000100010010000011011000111001001101110001111010000000110001100111101111001111101001011101000
511010111010001101101000010110101110110110100110001101011000010010010110101111100100010001101101110100101110110110110000001101100110010110100000010100100001010001100100010010000000
510001010000010101111110110111110011101111111010101010001010011110110101011011111111000110001001101010010011100010111101101011110110011001110110100101000010011010110001011011011000
510101010011000101111111110110100001101010100001100110001100001110111100011111010001110110001010111010101111011000010100111001100001001101110111100110011010011010010111011001010000
211000111011001101011001111110001110000110101101011001110000010000010111001100011110111111101101110100101110101011110000001101000110010001011000010111000110000110011100010001011000
510111011001011000001000111001011111001110001011100111010101011101100000000101110111011000100010010011100010110010111101101000010110011001000110111110110001011011010100001111101000
310011010111001010100111111101010010111000111110111101110111110001111100000100010111000001111101100000100111011100110010101100000010110111011101001001100011011011101101010000001000
510101011011001111001101100100011000100001101100101101101110011101101001011111010100001001011000110101101101011010110011111001111101110000100011110001101011000011010011111000111000
110001110010000010111110111101100100111000111010111010011010010110010101100000100001000111000100110010010011001010111010001001010110011000001110110101001110110010101010100111111000
510001110000010111011111010101111010101001111000101010011010011101101001001101010100001010101000101010000110101010110011001100010110011000001111110101001010011010101000100111011000
110111110111000100111101100011110001010010101001100111001101001110000001100110110000100101111110111110000110000101011100010010111100110100100001010110100000010001100010011011010000
511011011010001101001000110010001110000110001000011110111100000101100110010010010111011010001101110100101110110010110000001000000110010000100000110001000101000111010100010001011000
510010111011001101101111011100101011110111100100001001011110001101111011000011100111011101100111011110011010111111100001100110001110010000011110101000100110000110111100001110011000
210110010110001111100000100010011001000011011110001000001100000101100110010010110111011000000010111111100111011001100101101000000111000001011101101110100101000111010101001111110000
510011110011000110001111010101101100110100100010011101001011001101100111001010100001000111000111010000010011001010111001101110010111100110000110110100111101110010101011001011111000
511111111011010001111101010011010111011010101011011001111110111111100001001100110000100111101101111000000111011011110100011000111010100000100001010001010110001010100011001111010000
110000011000011101111111001001011010000101001101101101100110010001110100111101010100001011000101010111101100101001110001100000011101010010100000001001101110011010110101111000111000
211000011010001101001001111010001110000100000100011101011000010000011100101100011110111010001101110100101110110000000000001101000110010000100000010001000011110001100100010001011000
511110011000011011011011001101011011010011001101001110111110011101101001001101010101000100001000110111100010110010110011001010111101011000100011110001101011011010011000001100111000
510011111001001111101111100100011010110011101101101001011110010001011011000011111100001111011000110111100010111110110011001100010100010010011110101001100110011010101001111000111000
510011110101000100100101111101001011110000100100100001011110000001011011000011010000100111011011111101100010111101101101100010111100110100100100110000100011010001100110001100100000
310011011111000001001100010110111101111111111110001001110000101110111100011110100110110001011010110101101111011000101011111001100001110111100011011110000011011100010010000001010000
510100011001000100100110001100100011110101100111000001011000001110011011000011111100011000101011100100001110111001101001000110011111110010011101100000100110000110111100010000100000
510011111101001111111110101000001001100011000100010101011110000001000110010011111111011111011011111111011101011001101101101000010100010100011100110000100110000111100110001100100000
210000011010011111001001110111001010010000101100001101011000011101111100101101010100001010001000110100101110101000000000001101011101010010100011110001100011110001101000010001011000
510000010011001111011011000101011011011101001101001110111110011101101001001001010100001000101000111110100010100110110011001010111101010010011011101001101011011010001101010100111000
510000010100011111000111000110001001010101001111001100011000001101111110001100000000001100001000110111001110111010110110000110011111110010010111110001101110110000111100010000111000
410110010101000101101111110010010010001010000001100110011001100001011100011011011011000000011101111010010011100000110100011011100111010101011110100001100101011011101101011011101000
510110111011011101001111000011101100010111101001110101001010111110000001001011100100010101100111010000011011111110001001101000101110010000100001010100110000001010100011001111010000
210010010011000010001111110100100000001011101100000000111011001010000001111100100011110000000111110010100111001010111100101001010111000001100101101101111110110010101010100011111000
510101010111011100000111000110100011110100100010001000011000000001111100111110000011010000101010100000001111011100101010100110011111110011101101100011010011011100110001010000011000
110011110101000100111111110101010001111000001101001011001100000110111000001000111000101100101110111101100010100101011101100010111100000110011000110000010011010001100010011011111000
510010110000001011011111000001011110011001101001101100100110010010101001001101010100001000100010011001101100101011001011001100001111000000100011110001101110111010010101010111101000
210001011110001101011001110010001110000001011000011101011100000101100110101100011111011010000010111111101111011000000101101000000111010000100000010110100101010001010100010001011000
510001110001000010111111111100110111111100000010000100111100001110100001011010100001110111001000010010010011001010111100111001000111001101110110100110010010010010010111000011101000
110001110000011010110000110101111110101111110011111000011010011001110101111000010100110010100100101001100011000110101110011011110110010010001100111101001010110010110000100111011000
111110110111000101101001111101000011111010101111110011001110111111111000100011010000100100101101111000011000000101011010001110111100110100100100110111000011010001011100011011111000
510011110001011001110000111101110111011011110011111001110110111111100000001101000100100111101101111000100010101010101010001111100110100111011000111111001010110010111110111011100000
110000110000010110101111110001111110101110011000111110011010010110011110100001111111000000011101100101010001000100110101101010000010011000001101001001101010001100110000100111011000
110110011010010101100001110100110101111101001110101101100100100001110100111101110000010001100001010111111100110110110001101101101101010111100100001001110001010000101010111110000000
